1 14481
2 13509
3 15634
4 14202
5 16408
6 16985
7 15198
8 15738
9 16552
10 17271
20 23912
30 24438
40 32492
50 35741
60 42454
70 45629
80 51758
90 56628
100 61270
200 107649
300 156856
400 202715
500 250442
600 299758
700 345730
800 400465
900 449179
1000 490040
2000 969812
3000 1450193
4000 1923264
5000 2400622
6000 2878577
7000 3361485
8000 3834159
9000 4318236
10000 4795556
20000 9562143
30000 14336436
40000 19113677
50000 23878832
60000 28651416
70000 33417263
80000 38192007
90000 42960065
100000 47727320
200000 95451728
300000 143150819
400000 190881595
500000 238572881
600000 286261573
700000 333986726
800000 381705763
900000 429414225
1000000 477111181
2000000 954202950
3000000 1431015227
4000000 1908384368
5000000 2385420631
6000000 2862513179
7000000 3340670680
8000000 3816704918
9000000 4293779349
10000000 4770847885
20000000 9541675104
30000000 14313387214
40000000 19083320618
50000000 23854995594
60000000 28626250006
70000000 33396848298
80000000 38168624517
90000000 42938256494
100000000 47710002416
