1 16632
2 13702
3 12624
4 10152
5 13816
6 14469
7 13942
8 14039
9 12663
10 13979
20 10661
30 10466
40 12745
50 12860
60 14690
70 14756
80 11381
90 12574
100 12432
200 12983
300 11843
400 14084
500 13793
600 14387
700 16401
800 15138
900 15426
1000 17886
2000 19926
3000 22868
4000 26348
5000 28930
6000 35189
7000 37299
8000 42307
9000 43810
10000 49337
20000 83347
30000 117120
40000 155360
50000 190447
60000 222359
70000 259594
80000 294658
90000 330311
100000 365445
200000 725922
300000 1086090
400000 1432410
500000 1782281
600000 2140467
700000 2502612
800000 2841264
900000 3201565
1000000 3557810
2000000 7094726
3000000 10631631
4000000 14169856
5000000 17714527
6000000 21251127
7000000 24788782
8000000 28332254
9000000 31869248
10000000 35411479
20000000 70785719
30000000 106177473
40000000 141557828
50000000 176924772
60000000 212358588
70000000 247664545
80000000 283058521
90000000 318448100
100000000 353805186
