1 12400
2 12553
3 13823
4 12201
5 10687
6 14027
7 14041
8 12109
9 14447
10 14050
20 12567
30 12665
40 13267
50 13392
60 15517
70 15659
80 14100
90 16108
100 16380
200 23164
300 21700
400 23463
500 24532
600 27024
700 30822
800 40254
900 34741
1000 36661
2000 62442
3000 83441
4000 110503
5000 136735
6000 159376
7000 183974
8000 207539
9000 234818
10000 255361
20000 503818
30000 754399
40000 1008999
50000 1236349
60000 1495340
70000 1724592
80000 1973506
90000 2226290
100000 2484076
200000 4912416
300000 7405941
400000 9857863
500000 12296900
600000 14720787
700000 17174180
800000 19638996
900000 22087156
1000000 24612135
2000000 49174278
3000000 73643633
4000000 98189067
5000000 122806609
6000000 147214819
7000000 171717916
8000000 196490062
9000000 220661332
10000000 245540656
20000000 490927477
30000000 736220975
40000000 981264274
50000000 1228256612
60000000 1470518263
70000000 1719181862
80000000 1954950751
90000000 2209398406
100000000 2453347381
