1 18085
2 22929
3 26870
4 31214
5 37519
6 43948
7 47891
8 67155
9 60050
10 63860
20 118437
30 169261
40 223850
50 279931
60 334578
70 380103
80 431455
90 486803
100 545929
200 1065167
300 1599903
400 2123857
500 2649574
600 3182099
700 3711931
800 4239697
900 4762347
1000 5294913
2000 10574741
3000 15850386
4000 21129583
5000 26403481
6000 31671648
7000 36956105
8000 42220706
9000 47500759
10000 52790209
20000 105533706
30000 158274191
40000 211020677
50000 263787769
60000 316576345
70000 369278220
80000 422030650
90000 474805498
100000 527527508
200000 1055069569
300000 1582577647
400000 2110105729
500000 2637656987
600000 3165181009
700000 3692601873
800000 4220170641
900000 4748617957
1000000 5275294833
2000000 10550335945
3000000 15826471186
4000000 21100369129
5000000 26376527877
6000000 31651399314
7000000 36926803881
8000000 42202612822
9000000 47477211278
10000000 52752472075
20000000 105506048217
30000000 158255870346
40000000 211010191723
50000000 263761127950
60000000 316515464590
70000000 369263599076
80000000 422020284005
90000000 474772135451
100000000 527526210967
